{"nbformat":4,"nbformat_minor":0,"metadata":{"colab":{"name":"2. 보스턴 집값 데이터","provenance":[],"collapsed_sections":[],"authorship_tag":"ABX9TyPyxau2dIAUQAm5ZYVY2jXz"},"kernelspec":{"name":"python3","display_name":"Python 3"},"language_info":{"name":"python"}},"cells":[{"cell_type":"markdown","source":["# 2. 보스턴 주택 가격 예측 (회귀 분석)"],"metadata":{"id":"wVYfAUKsyPZZ"}},{"cell_type":"code","source":["from sklearn.datasets import load_boston\n","import pandas as pd\n","import numpy as np"],"metadata":{"id":"0_3ZCipJyrHQ","executionInfo":{"status":"ok","timestamp":1648014950992,"user_tz":-540,"elapsed":1632,"user":{"displayName":"김지선","photoUrl":"https://lh3.googleusercontent.com/a/default-user=s64","userId":"05114170165910275397"}}},"execution_count":8,"outputs":[]},{"cell_type":"markdown","source":["## 2.1 데이터 불러오기"],"metadata":{"id":"FSV9h0umVONW"}},{"cell_type":"code","source":["boston=load_boston()"],"metadata":{"colab":{"base_uri":"https://localhost:8080/"},"id":"G9hLH-KrzQz6","executionInfo":{"status":"ok","timestamp":1648014952885,"user_tz":-540,"elapsed":11,"user":{"displayName":"김지선","photoUrl":"https://lh3.googleusercontent.com/a/default-user=s64","userId":"05114170165910275397"}},"outputId":"8230b756-13a7-4fd5-8d83-121fb0619f1f"},"execution_count":9,"outputs":[{"output_type":"stream","name":"stderr","text":["/usr/local/lib/python3.7/dist-packages/sklearn/utils/deprecation.py:87: FutureWarning: Function load_boston is deprecated; `load_boston` is deprecated in 1.0 and will be removed in 1.2.\n","\n","    The Boston housing prices dataset has an ethical problem. You can refer to\n","    the documentation of this function for further details.\n","\n","    The scikit-learn maintainers therefore strongly discourage the use of this\n","    dataset unless the purpose of the code is to study and educate about\n","    ethical issues in data science and machine learning.\n","\n","    In this special case, you can fetch the dataset from the original\n","    source::\n","\n","        import pandas as pd\n","        import numpy as np\n","\n","\n","        data_url = \"http://lib.stat.cmu.edu/datasets/boston\"\n","        raw_df = pd.read_csv(data_url, sep=\"\\s+\", skiprows=22, header=None)\n","        data = np.hstack([raw_df.values[::2, :], raw_df.values[1::2, :2]])\n","        target = raw_df.values[1::2, 2]\n","\n","    Alternative datasets include the California housing dataset (i.e.\n","    :func:`~sklearn.datasets.fetch_california_housing`) and the Ames housing\n","    dataset. You can load the datasets as follows::\n","\n","        from sklearn.datasets import fetch_california_housing\n","        housing = fetch_california_housing()\n","\n","    for the California housing dataset and::\n","\n","        from sklearn.datasets import fetch_openml\n","        housing = fetch_openml(name=\"house_prices\", as_frame=True)\n","\n","    for the Ames housing dataset.\n","    \n","  warnings.warn(msg, category=FutureWarning)\n"]}]},{"cell_type":"code","source":["boston_df=pd.DataFrame(boston.data,columns=boston.feature_names)"],"metadata":{"id":"SCir2k768Hks","executionInfo":{"status":"ok","timestamp":1648014953467,"user_tz":-540,"elapsed":5,"user":{"displayName":"김지선","photoUrl":"https://lh3.googleusercontent.com/a/default-user=s64","userId":"05114170165910275397"}}},"execution_count":10,"outputs":[]},{"cell_type":"markdown","source":["## 2.2 데이터 분석"],"metadata":{"id":"wNewh9dCVR_h"}},{"cell_type":"code","source":["# 데이터의 칼럼별 평균\n","boston_df.mean()"],"metadata":{"colab":{"base_uri":"https://localhost:8080/"},"id":"Sq44vy6N8P8g","executionInfo":{"status":"ok","timestamp":1648014953920,"user_tz":-540,"elapsed":5,"user":{"displayName":"김지선","photoUrl":"https://lh3.googleusercontent.com/a/default-user=s64","userId":"05114170165910275397"}},"outputId":"681e105a-dc00-40a4-87f2-d31b21b4d726"},"execution_count":11,"outputs":[{"output_type":"execute_result","data":{"text/plain":["CRIM         3.613524\n","ZN          11.363636\n","INDUS       11.136779\n","CHAS         0.069170\n","NOX          0.554695\n","RM           6.284634\n","AGE         68.574901\n","DIS          3.795043\n","RAD          9.549407\n","TAX        408.237154\n","PTRATIO     18.455534\n","B          356.674032\n","LSTAT       12.653063\n","dtype: float64"]},"metadata":{},"execution_count":11}]},{"cell_type":"code","source":["# 데이터의 칼럼별 평균의 합계\n","boston_df.mean().max()"],"metadata":{"colab":{"base_uri":"https://localhost:8080/"},"id":"2EJwIT5gBELR","executionInfo":{"status":"ok","timestamp":1648014957332,"user_tz":-540,"elapsed":8,"user":{"displayName":"김지선","photoUrl":"https://lh3.googleusercontent.com/a/default-user=s64","userId":"05114170165910275397"}},"outputId":"10fe464e-9740-4e3b-b020-dc83e36238d2"},"execution_count":12,"outputs":[{"output_type":"execute_result","data":{"text/plain":["408.2371541501976"]},"metadata":{},"execution_count":12}]},{"cell_type":"code","source":["# 범주형 데이터 1,2,3,4,5에 유용\n","boston_df.isnull().value_counts()"],"metadata":{"colab":{"base_uri":"https://localhost:8080/"},"id":"W2SobWBFBSfB","executionInfo":{"status":"ok","timestamp":1648014957788,"user_tz":-540,"elapsed":10,"user":{"displayName":"김지선","photoUrl":"https://lh3.googleusercontent.com/a/default-user=s64","userId":"05114170165910275397"}},"outputId":"fc8eb2a6-6937-4e9f-a46e-7a267b4844a5"},"execution_count":13,"outputs":[{"output_type":"execute_result","data":{"text/plain":["CRIM   ZN     INDUS  CHAS   NOX    RM     AGE    DIS    RAD    TAX    PTRATIO  B      LSTAT\n","False  False  False  False  False  False  False  False  False  False  False    False  False    506\n","dtype: int64"]},"metadata":{},"execution_count":13}]},{"cell_type":"code","source":[" # 칼럼별 값 출력\n","boston_df.info()"],"metadata":{"colab":{"base_uri":"https://localhost:8080/"},"id":"PngMC8SRAyLD","executionInfo":{"status":"ok","timestamp":1648014959445,"user_tz":-540,"elapsed":6,"user":{"displayName":"김지선","photoUrl":"https://lh3.googleusercontent.com/a/default-user=s64","userId":"05114170165910275397"}},"outputId":"e77dd755-8437-4597-e2bb-44237890e9f6"},"execution_count":14,"outputs":[{"output_type":"stream","name":"stdout","text":["<class 'pandas.core.frame.DataFrame'>\n","RangeIndex: 506 entries, 0 to 505\n","Data columns (total 13 columns):\n"," #   Column   Non-Null Count  Dtype  \n","---  ------   --------------  -----  \n"," 0   CRIM     506 non-null    float64\n"," 1   ZN       506 non-null    float64\n"," 2   INDUS    506 non-null    float64\n"," 3   CHAS     506 non-null    float64\n"," 4   NOX      506 non-null    float64\n"," 5   RM       506 non-null    float64\n"," 6   AGE      506 non-null    float64\n"," 7   DIS      506 non-null    float64\n"," 8   RAD      506 non-null    float64\n"," 9   TAX      506 non-null    float64\n"," 10  PTRATIO  506 non-null    float64\n"," 11  B        506 non-null    float64\n"," 12  LSTAT    506 non-null    float64\n","dtypes: float64(13)\n","memory usage: 51.5 KB\n"]}]},{"cell_type":"code","source":["# 타겟값 할당\n","boston_df['label']=boston.target"],"metadata":{"id":"i21fCd858RjL","executionInfo":{"status":"ok","timestamp":1648014962199,"user_tz":-540,"elapsed":2,"user":{"displayName":"김지선","photoUrl":"https://lh3.googleusercontent.com/a/default-user=s64","userId":"05114170165910275397"}}},"execution_count":15,"outputs":[]},{"cell_type":"code","source":["# 기존 칼럼 CHAS NOX, 합해서 새 칼럼 exCol 생성\n","boston_df['exCol']=boston_df['INDUS']+boston_df['NOX']"],"metadata":{"id":"EeR29QNa8aRe","executionInfo":{"status":"ok","timestamp":1648014962740,"user_tz":-540,"elapsed":4,"user":{"displayName":"김지선","photoUrl":"https://lh3.googleusercontent.com/a/default-user=s64","userId":"05114170165910275397"}}},"execution_count":16,"outputs":[]},{"cell_type":"code","source":["boston_df"],"metadata":{"colab":{"base_uri":"https://localhost:8080/","height":423},"id":"7Z6J2BuL_RZ4","executionInfo":{"status":"ok","timestamp":1648014964451,"user_tz":-540,"elapsed":11,"user":{"displayName":"김지선","photoUrl":"https://lh3.googleusercontent.com/a/default-user=s64","userId":"05114170165910275397"}},"outputId":"f813a568-45b0-4129-c870-36e592ecec29"},"execution_count":17,"outputs":[{"output_type":"execute_result","data":{"text/plain":["        CRIM    ZN  INDUS  CHAS    NOX     RM   AGE     DIS  RAD    TAX  \\\n","0    0.00632  18.0   2.31   0.0  0.538  6.575  65.2  4.0900  1.0  296.0   \n","1    0.02731   0.0   7.07   0.0  0.469  6.421  78.9  4.9671  2.0  242.0   \n","2    0.02729   0.0   7.07   0.0  0.469  7.185  61.1  4.9671  2.0  242.0   \n","3    0.03237   0.0   2.18   0.0  0.458  6.998  45.8  6.0622  3.0  222.0   \n","4    0.06905   0.0   2.18   0.0  0.458  7.147  54.2  6.0622  3.0  222.0   \n","..       ...   ...    ...   ...    ...    ...   ...     ...  ...    ...   \n","501  0.06263   0.0  11.93   0.0  0.573  6.593  69.1  2.4786  1.0  273.0   \n","502  0.04527   0.0  11.93   0.0  0.573  6.120  76.7  2.2875  1.0  273.0   \n","503  0.06076   0.0  11.93   0.0  0.573  6.976  91.0  2.1675  1.0  273.0   \n","504  0.10959   0.0  11.93   0.0  0.573  6.794  89.3  2.3889  1.0  273.0   \n","505  0.04741   0.0  11.93   0.0  0.573  6.030  80.8  2.5050  1.0  273.0   \n","\n","     PTRATIO       B  LSTAT  label   exCol  \n","0       15.3  396.90   4.98   24.0   2.848  \n","1       17.8  396.90   9.14   21.6   7.539  \n","2       17.8  392.83   4.03   34.7   7.539  \n","3       18.7  394.63   2.94   33.4   2.638  \n","4       18.7  396.90   5.33   36.2   2.638  \n","..       ...     ...    ...    ...     ...  \n","501     21.0  391.99   9.67   22.4  12.503  \n","502     21.0  396.90   9.08   20.6  12.503  \n","503     21.0  396.90   5.64   23.9  12.503  \n","504     21.0  393.45   6.48   22.0  12.503  \n","505     21.0  396.90   7.88   11.9  12.503  \n","\n","[506 rows x 15 columns]"],"text/html":["\n","  <div id=\"df-69213f1a-460c-4907-9b5e-9c9ed5f8e6bd\">\n","    <div class=\"colab-df-container\">\n","      <div>\n","<style scoped>\n","    .dataframe tbody tr th:only-of-type {\n","        vertical-align: middle;\n","    }\n","\n","    .dataframe tbody tr th {\n","        vertical-align: top;\n","    }\n","\n","    .dataframe thead th {\n","        text-align: right;\n","    }\n","</style>\n","<table border=\"1\" class=\"dataframe\">\n","  <thead>\n","    <tr style=\"text-align: right;\">\n","      <th></th>\n","      <th>CRIM</th>\n","      <th>ZN</th>\n","      <th>INDUS</th>\n","      <th>CHAS</th>\n","      <th>NOX</th>\n","      <th>RM</th>\n","      <th>AGE</th>\n","      <th>DIS</th>\n","      <th>RAD</th>\n","      <th>TAX</th>\n","      <th>PTRATIO</th>\n","      <th>B</th>\n","      <th>LSTAT</th>\n","      <th>label</th>\n","      <th>exCol</th>\n","    </tr>\n","  </thead>\n","  <tbody>\n","    <tr>\n","      <th>0</th>\n","      <td>0.00632</td>\n","      <td>18.0</td>\n","      <td>2.31</td>\n","      <td>0.0</td>\n","      <td>0.538</td>\n","      <td>6.575</td>\n","      <td>65.2</td>\n","      <td>4.0900</td>\n","      <td>1.0</td>\n","      <td>296.0</td>\n","      <td>15.3</td>\n","      <td>396.90</td>\n","      <td>4.98</td>\n","      <td>24.0</td>\n","      <td>2.848</td>\n","    </tr>\n","    <tr>\n","      <th>1</th>\n","      <td>0.02731</td>\n","      <td>0.0</td>\n","      <td>7.07</td>\n","      <td>0.0</td>\n","      <td>0.469</td>\n","      <td>6.421</td>\n","      <td>78.9</td>\n","      <td>4.9671</td>\n","      <td>2.0</td>\n","      <td>242.0</td>\n","      <td>17.8</td>\n","      <td>396.90</td>\n","      <td>9.14</td>\n","      <td>21.6</td>\n","      <td>7.539</td>\n","    </tr>\n","    <tr>\n","      <th>2</th>\n","      <td>0.02729</td>\n","      <td>0.0</td>\n","      <td>7.07</td>\n","      <td>0.0</td>\n","      <td>0.469</td>\n","      <td>7.185</td>\n","      <td>61.1</td>\n","      <td>4.9671</td>\n","      <td>2.0</td>\n","      <td>242.0</td>\n","      <td>17.8</td>\n","      <td>392.83</td>\n","      <td>4.03</td>\n","      <td>34.7</td>\n","      <td>7.539</td>\n","    </tr>\n","    <tr>\n","      <th>3</th>\n","      <td>0.03237</td>\n","      <td>0.0</td>\n","      <td>2.18</td>\n","      <td>0.0</td>\n","      <td>0.458</td>\n","      <td>6.998</td>\n","      <td>45.8</td>\n","      <td>6.0622</td>\n","      <td>3.0</td>\n","      <td>222.0</td>\n","      <td>18.7</td>\n","      <td>394.63</td>\n","      <td>2.94</td>\n","      <td>33.4</td>\n","      <td>2.638</td>\n","    </tr>\n","    <tr>\n","      <th>4</th>\n","      <td>0.06905</td>\n","      <td>0.0</td>\n","      <td>2.18</td>\n","      <td>0.0</td>\n","      <td>0.458</td>\n","      <td>7.147</td>\n","      <td>54.2</td>\n","      <td>6.0622</td>\n","      <td>3.0</td>\n","      <td>222.0</td>\n","      <td>18.7</td>\n","      <td>396.90</td>\n","      <td>5.33</td>\n","      <td>36.2</td>\n","      <td>2.638</td>\n","    </tr>\n","    <tr>\n","      <th>...</th>\n","      <td>...</td>\n","      <td>...</td>\n","      <td>...</td>\n","      <td>...</td>\n","      <td>...</td>\n","      <td>...</td>\n","      <td>...</td>\n","      <td>...</td>\n","      <td>...</td>\n","      <td>...</td>\n","      <td>...</td>\n","      <td>...</td>\n","      <td>...</td>\n","      <td>...</td>\n","      <td>...</td>\n","    </tr>\n","    <tr>\n","      <th>501</th>\n","      <td>0.06263</td>\n","      <td>0.0</td>\n","      <td>11.93</td>\n","      <td>0.0</td>\n","      <td>0.573</td>\n","      <td>6.593</td>\n","      <td>69.1</td>\n","      <td>2.4786</td>\n","      <td>1.0</td>\n","      <td>273.0</td>\n","      <td>21.0</td>\n","      <td>391.99</td>\n","      <td>9.67</td>\n","      <td>22.4</td>\n","      <td>12.503</td>\n","    </tr>\n","    <tr>\n","      <th>502</th>\n","      <td>0.04527</td>\n","      <td>0.0</td>\n","      <td>11.93</td>\n","      <td>0.0</td>\n","      <td>0.573</td>\n","      <td>6.120</td>\n","      <td>76.7</td>\n","      <td>2.2875</td>\n","      <td>1.0</td>\n","      <td>273.0</td>\n","      <td>21.0</td>\n","      <td>396.90</td>\n","      <td>9.08</td>\n","      <td>20.6</td>\n","      <td>12.503</td>\n","    </tr>\n","    <tr>\n","      <th>503</th>\n","      <td>0.06076</td>\n","      <td>0.0</td>\n","      <td>11.93</td>\n","      <td>0.0</td>\n","      <td>0.573</td>\n","      <td>6.976</td>\n","      <td>91.0</td>\n","      <td>2.1675</td>\n","      <td>1.0</td>\n","      <td>273.0</td>\n","      <td>21.0</td>\n","      <td>396.90</td>\n","      <td>5.64</td>\n","      <td>23.9</td>\n","      <td>12.503</td>\n","    </tr>\n","    <tr>\n","      <th>504</th>\n","      <td>0.10959</td>\n","      <td>0.0</td>\n","      <td>11.93</td>\n","      <td>0.0</td>\n","      <td>0.573</td>\n","      <td>6.794</td>\n","      <td>89.3</td>\n","      <td>2.3889</td>\n","      <td>1.0</td>\n","      <td>273.0</td>\n","      <td>21.0</td>\n","      <td>393.45</td>\n","      <td>6.48</td>\n","      <td>22.0</td>\n","      <td>12.503</td>\n","    </tr>\n","    <tr>\n","      <th>505</th>\n","      <td>0.04741</td>\n","      <td>0.0</td>\n","      <td>11.93</td>\n","      <td>0.0</td>\n","      <td>0.573</td>\n","      <td>6.030</td>\n","      <td>80.8</td>\n","      <td>2.5050</td>\n","      <td>1.0</td>\n","      <td>273.0</td>\n","      <td>21.0</td>\n","      <td>396.90</td>\n","      <td>7.88</td>\n","      <td>11.9</td>\n","      <td>12.503</td>\n","    </tr>\n","  </tbody>\n","</table>\n","<p>506 rows × 15 columns</p>\n","</div>\n","      <button class=\"colab-df-convert\" onclick=\"convertToInteractive('df-69213f1a-460c-4907-9b5e-9c9ed5f8e6bd')\"\n","              title=\"Convert this dataframe to an interactive table.\"\n","              style=\"display:none;\">\n","        \n","  <svg xmlns=\"http://www.w3.org/2000/svg\" height=\"24px\"viewBox=\"0 0 24 24\"\n","       width=\"24px\">\n","    <path d=\"M0 0h24v24H0V0z\" fill=\"none\"/>\n","    <path d=\"M18.56 5.44l.94 2.06.94-2.06 2.06-.94-2.06-.94-.94-2.06-.94 2.06-2.06.94zm-11 1L8.5 8.5l.94-2.06 2.06-.94-2.06-.94L8.5 2.5l-.94 2.06-2.06.94zm10 10l.94 2.06.94-2.06 2.06-.94-2.06-.94-.94-2.06-.94 2.06-2.06.94z\"/><path d=\"M17.41 7.96l-1.37-1.37c-.4-.4-.92-.59-1.43-.59-.52 0-1.04.2-1.43.59L10.3 9.45l-7.72 7.72c-.78.78-.78 2.05 0 2.83L4 21.41c.39.39.9.59 1.41.59.51 0 1.02-.2 1.41-.59l7.78-7.78 2.81-2.81c.8-.78.8-2.07 0-2.86zM5.41 20L4 18.59l7.72-7.72 1.47 1.35L5.41 20z\"/>\n","  </svg>\n","      </button>\n","      \n","  <style>\n","    .colab-df-container {\n","      display:flex;\n","      flex-wrap:wrap;\n","      gap: 12px;\n","    }\n","\n","    .colab-df-convert {\n","      background-color: #E8F0FE;\n","      border: none;\n","      border-radius: 50%;\n","      cursor: pointer;\n","      display: none;\n","      fill: #1967D2;\n","      height: 32px;\n","      padding: 0 0 0 0;\n","      width: 32px;\n","    }\n","\n","    .colab-df-convert:hover {\n","      background-color: #E2EBFA;\n","      box-shadow: 0px 1px 2px rgba(60, 64, 67, 0.3), 0px 1px 3px 1px rgba(60, 64, 67, 0.15);\n","      fill: #174EA6;\n","    }\n","\n","    [theme=dark] .colab-df-convert {\n","      background-color: #3B4455;\n","      fill: #D2E3FC;\n","    }\n","\n","    [theme=dark] .colab-df-convert:hover {\n","      background-color: #434B5C;\n","      box-shadow: 0px 1px 3px 1px rgba(0, 0, 0, 0.15);\n","      filter: drop-shadow(0px 1px 2px rgba(0, 0, 0, 0.3));\n","      fill: #FFFFFF;\n","    }\n","  </style>\n","\n","      <script>\n","        const buttonEl =\n","          document.querySelector('#df-69213f1a-460c-4907-9b5e-9c9ed5f8e6bd button.colab-df-convert');\n","        buttonEl.style.display =\n","          google.colab.kernel.accessAllowed ? 'block' : 'none';\n","\n","        async function convertToInteractive(key) {\n","          const element = document.querySelector('#df-69213f1a-460c-4907-9b5e-9c9ed5f8e6bd');\n","          const dataTable =\n","            await google.colab.kernel.invokeFunction('convertToInteractive',\n","                                                     [key], {});\n","          if (!dataTable) return;\n","\n","          const docLinkHtml = 'Like what you see? Visit the ' +\n","            '<a target=\"_blank\" href=https://colab.research.google.com/notebooks/data_table.ipynb>data table notebook</a>'\n","            + ' to learn more about interactive tables.';\n","          element.innerHTML = '';\n","          dataTable['output_type'] = 'display_data';\n","          await google.colab.output.renderOutput(dataTable, element);\n","          const docLink = document.createElement('div');\n","          docLink.innerHTML = docLinkHtml;\n","          element.appendChild(docLink);\n","        }\n","      </script>\n","    </div>\n","  </div>\n","  "]},"metadata":{},"execution_count":17}]},{"cell_type":"code","source":["# 유사도 행렬 출력 - [-1,1]로 1에 가까울수록 유사하다.\n","boston_df.corr()"],"metadata":{"colab":{"base_uri":"https://localhost:8080/","height":520},"id":"0cc8AyyIWQMC","executionInfo":{"status":"ok","timestamp":1648015036591,"user_tz":-540,"elapsed":702,"user":{"displayName":"김지선","photoUrl":"https://lh3.googleusercontent.com/a/default-user=s64","userId":"05114170165910275397"}},"outputId":"97c4ddb8-3a9d-4aab-a5eb-71b006ced853"},"execution_count":20,"outputs":[{"output_type":"execute_result","data":{"text/plain":["             CRIM        ZN     INDUS      CHAS       NOX        RM       AGE  \\\n","CRIM     1.000000 -0.200469  0.406583 -0.055892  0.420972 -0.219247  0.352734   \n","ZN      -0.200469  1.000000 -0.533828 -0.042697 -0.516604  0.311991 -0.569537   \n","INDUS    0.406583 -0.533828  1.000000  0.062938  0.763651 -0.391676  0.644779   \n","CHAS    -0.055892 -0.042697  0.062938  1.000000  0.091203  0.091251  0.086518   \n","NOX      0.420972 -0.516604  0.763651  0.091203  1.000000 -0.302188  0.731470   \n","RM      -0.219247  0.311991 -0.391676  0.091251 -0.302188  1.000000 -0.240265   \n","AGE      0.352734 -0.569537  0.644779  0.086518  0.731470 -0.240265  1.000000   \n","DIS     -0.379670  0.664408 -0.708027 -0.099176 -0.769230  0.205246 -0.747881   \n","RAD      0.625505 -0.311948  0.595129 -0.007368  0.611441 -0.209847  0.456022   \n","TAX      0.582764 -0.314563  0.720760 -0.035587  0.668023 -0.292048  0.506456   \n","PTRATIO  0.289946 -0.391679  0.383248 -0.121515  0.188933 -0.355501  0.261515   \n","B       -0.385064  0.175520 -0.356977  0.048788 -0.380051  0.128069 -0.273534   \n","LSTAT    0.455621 -0.412995  0.603800 -0.053929  0.590879 -0.613808  0.602339   \n","label   -0.388305  0.360445 -0.483725  0.175260 -0.427321  0.695360 -0.376955   \n","exCol    0.408402 -0.535614  0.999942  0.063654  0.770558 -0.391705  0.648728   \n","\n","              DIS       RAD       TAX   PTRATIO         B     LSTAT     label  \\\n","CRIM    -0.379670  0.625505  0.582764  0.289946 -0.385064  0.455621 -0.388305   \n","ZN       0.664408 -0.311948 -0.314563 -0.391679  0.175520 -0.412995  0.360445   \n","INDUS   -0.708027  0.595129  0.720760  0.383248 -0.356977  0.603800 -0.483725   \n","CHAS    -0.099176 -0.007368 -0.035587 -0.121515  0.048788 -0.053929  0.175260   \n","NOX     -0.769230  0.611441  0.668023  0.188933 -0.380051  0.590879 -0.427321   \n","RM       0.205246 -0.209847 -0.292048 -0.355501  0.128069 -0.613808  0.695360   \n","AGE     -0.747881  0.456022  0.506456  0.261515 -0.273534  0.602339 -0.376955   \n","DIS      1.000000 -0.494588 -0.534432 -0.232471  0.291512 -0.496996  0.249929   \n","RAD     -0.494588  1.000000  0.910228  0.464741 -0.444413  0.488676 -0.381626   \n","TAX     -0.534432  0.910228  1.000000  0.460853 -0.441808  0.543993 -0.468536   \n","PTRATIO -0.232471  0.464741  0.460853  1.000000 -0.177383  0.374044 -0.507787   \n","B        0.291512 -0.444413 -0.441808 -0.177383  1.000000 -0.366087  0.333461   \n","LSTAT   -0.496996  0.488676  0.543993  0.374044 -0.366087  1.000000 -0.737663   \n","label    0.249929 -0.381626 -0.468536 -0.507787  0.333461 -0.737663  1.000000   \n","exCol   -0.711797  0.597712  0.722680  0.381496 -0.358747  0.605929 -0.484663   \n","\n","            exCol  \n","CRIM     0.408402  \n","ZN      -0.535614  \n","INDUS    0.999942  \n","CHAS     0.063654  \n","NOX      0.770558  \n","RM      -0.391705  \n","AGE      0.648728  \n","DIS     -0.711797  \n","RAD      0.597712  \n","TAX      0.722680  \n","PTRATIO  0.381496  \n","B       -0.358747  \n","LSTAT    0.605929  \n","label   -0.484663  \n","exCol    1.000000  "],"text/html":["\n","  <div id=\"df-0242809d-b126-45d0-93ae-d1547801f7af\">\n","    <div class=\"colab-df-container\">\n","      <div>\n","<style scoped>\n","    .dataframe tbody tr th:only-of-type {\n","        vertical-align: middle;\n","    }\n","\n","    .dataframe tbody tr th {\n","        vertical-align: top;\n","    }\n","\n","    .dataframe thead th {\n","        text-align: right;\n","    }\n","</style>\n","<table border=\"1\" class=\"dataframe\">\n","  <thead>\n","    <tr style=\"text-align: right;\">\n","      <th></th>\n","      <th>CRIM</th>\n","      <th>ZN</th>\n","      <th>INDUS</th>\n","      <th>CHAS</th>\n","      <th>NOX</th>\n","      <th>RM</th>\n","      <th>AGE</th>\n","      <th>DIS</th>\n","      <th>RAD</th>\n","      <th>TAX</th>\n","      <th>PTRATIO</th>\n","      <th>B</th>\n","      <th>LSTAT</th>\n","      <th>label</th>\n","      <th>exCol</th>\n","    </tr>\n","  </thead>\n","  <tbody>\n","    <tr>\n","      <th>CRIM</th>\n","      <td>1.000000</td>\n","      <td>-0.200469</td>\n","      <td>0.406583</td>\n","      <td>-0.055892</td>\n","      <td>0.420972</td>\n","      <td>-0.219247</td>\n","      <td>0.352734</td>\n","      <td>-0.379670</td>\n","      <td>0.625505</td>\n","      <td>0.582764</td>\n","      <td>0.289946</td>\n","      <td>-0.385064</td>\n","      <td>0.455621</td>\n","      <td>-0.388305</td>\n","      <td>0.408402</td>\n","    </tr>\n","    <tr>\n","      <th>ZN</th>\n","      <td>-0.200469</td>\n","      <td>1.000000</td>\n","      <td>-0.533828</td>\n","      <td>-0.042697</td>\n","      <td>-0.516604</td>\n","      <td>0.311991</td>\n","      <td>-0.569537</td>\n","      <td>0.664408</td>\n","      <td>-0.311948</td>\n","      <td>-0.314563</td>\n","      <td>-0.391679</td>\n","      <td>0.175520</td>\n","      <td>-0.412995</td>\n","      <td>0.360445</td>\n","      <td>-0.535614</td>\n","    </tr>\n","    <tr>\n","      <th>INDUS</th>\n","      <td>0.406583</td>\n","      <td>-0.533828</td>\n","      <td>1.000000</td>\n","      <td>0.062938</td>\n","      <td>0.763651</td>\n","      <td>-0.391676</td>\n","      <td>0.644779</td>\n","      <td>-0.708027</td>\n","      <td>0.595129</td>\n","      <td>0.720760</td>\n","      <td>0.383248</td>\n","      <td>-0.356977</td>\n","      <td>0.603800</td>\n","      <td>-0.483725</td>\n","      <td>0.999942</td>\n","    </tr>\n","    <tr>\n","      <th>CHAS</th>\n","      <td>-0.055892</td>\n","      <td>-0.042697</td>\n","      <td>0.062938</td>\n","      <td>1.000000</td>\n","      <td>0.091203</td>\n","      <td>0.091251</td>\n","      <td>0.086518</td>\n","      <td>-0.099176</td>\n","      <td>-0.007368</td>\n","      <td>-0.035587</td>\n","      <td>-0.121515</td>\n","      <td>0.048788</td>\n","      <td>-0.053929</td>\n","      <td>0.175260</td>\n","      <td>0.063654</td>\n","    </tr>\n","    <tr>\n","      <th>NOX</th>\n","      <td>0.420972</td>\n","      <td>-0.516604</td>\n","      <td>0.763651</td>\n","      <td>0.091203</td>\n","      <td>1.000000</td>\n","      <td>-0.302188</td>\n","      <td>0.731470</td>\n","      <td>-0.769230</td>\n","      <td>0.611441</td>\n","      <td>0.668023</td>\n","      <td>0.188933</td>\n","      <td>-0.380051</td>\n","      <td>0.590879</td>\n","      <td>-0.427321</td>\n","      <td>0.770558</td>\n","    </tr>\n","    <tr>\n","      <th>RM</th>\n","      <td>-0.219247</td>\n","      <td>0.311991</td>\n","      <td>-0.391676</td>\n","      <td>0.091251</td>\n","      <td>-0.302188</td>\n","      <td>1.000000</td>\n","      <td>-0.240265</td>\n","      <td>0.205246</td>\n","      <td>-0.209847</td>\n","      <td>-0.292048</td>\n","      <td>-0.355501</td>\n","      <td>0.128069</td>\n","      <td>-0.613808</td>\n","      <td>0.695360</td>\n","      <td>-0.391705</td>\n","    </tr>\n","    <tr>\n","      <th>AGE</th>\n","      <td>0.352734</td>\n","      <td>-0.569537</td>\n","      <td>0.644779</td>\n","      <td>0.086518</td>\n","      <td>0.731470</td>\n","      <td>-0.240265</td>\n","      <td>1.000000</td>\n","      <td>-0.747881</td>\n","      <td>0.456022</td>\n","      <td>0.506456</td>\n","      <td>0.261515</td>\n","      <td>-0.273534</td>\n","      <td>0.602339</td>\n","      <td>-0.376955</td>\n","      <td>0.648728</td>\n","    </tr>\n","    <tr>\n","      <th>DIS</th>\n","      <td>-0.379670</td>\n","      <td>0.664408</td>\n","      <td>-0.708027</td>\n","      <td>-0.099176</td>\n","      <td>-0.769230</td>\n","      <td>0.205246</td>\n","      <td>-0.747881</td>\n","      <td>1.000000</td>\n","      <td>-0.494588</td>\n","      <td>-0.534432</td>\n","      <td>-0.232471</td>\n","      <td>0.291512</td>\n","      <td>-0.496996</td>\n","      <td>0.249929</td>\n","      <td>-0.711797</td>\n","    </tr>\n","    <tr>\n","      <th>RAD</th>\n","      <td>0.625505</td>\n","      <td>-0.311948</td>\n","      <td>0.595129</td>\n","      <td>-0.007368</td>\n","      <td>0.611441</td>\n","      <td>-0.209847</td>\n","      <td>0.456022</td>\n","      <td>-0.494588</td>\n","      <td>1.000000</td>\n","      <td>0.910228</td>\n","      <td>0.464741</td>\n","      <td>-0.444413</td>\n","      <td>0.488676</td>\n","      <td>-0.381626</td>\n","      <td>0.597712</td>\n","    </tr>\n","    <tr>\n","      <th>TAX</th>\n","      <td>0.582764</td>\n","      <td>-0.314563</td>\n","      <td>0.720760</td>\n","      <td>-0.035587</td>\n","      <td>0.668023</td>\n","      <td>-0.292048</td>\n","      <td>0.506456</td>\n","      <td>-0.534432</td>\n","      <td>0.910228</td>\n","      <td>1.000000</td>\n","      <td>0.460853</td>\n","      <td>-0.441808</td>\n","      <td>0.543993</td>\n","      <td>-0.468536</td>\n","      <td>0.722680</td>\n","    </tr>\n","    <tr>\n","      <th>PTRATIO</th>\n","      <td>0.289946</td>\n","      <td>-0.391679</td>\n","      <td>0.383248</td>\n","      <td>-0.121515</td>\n","      <td>0.188933</td>\n","      <td>-0.355501</td>\n","      <td>0.261515</td>\n","      <td>-0.232471</td>\n","      <td>0.464741</td>\n","      <td>0.460853</td>\n","      <td>1.000000</td>\n","      <td>-0.177383</td>\n","      <td>0.374044</td>\n","      <td>-0.507787</td>\n","      <td>0.381496</td>\n","    </tr>\n","    <tr>\n","      <th>B</th>\n","      <td>-0.385064</td>\n","      <td>0.175520</td>\n","      <td>-0.356977</td>\n","      <td>0.048788</td>\n","      <td>-0.380051</td>\n","      <td>0.128069</td>\n","      <td>-0.273534</td>\n","      <td>0.291512</td>\n","      <td>-0.444413</td>\n","      <td>-0.441808</td>\n","      <td>-0.177383</td>\n","      <td>1.000000</td>\n","      <td>-0.366087</td>\n","      <td>0.333461</td>\n","      <td>-0.358747</td>\n","    </tr>\n","    <tr>\n","      <th>LSTAT</th>\n","      <td>0.455621</td>\n","      <td>-0.412995</td>\n","      <td>0.603800</td>\n","      <td>-0.053929</td>\n","      <td>0.590879</td>\n","      <td>-0.613808</td>\n","      <td>0.602339</td>\n","      <td>-0.496996</td>\n","      <td>0.488676</td>\n","      <td>0.543993</td>\n","      <td>0.374044</td>\n","      <td>-0.366087</td>\n","      <td>1.000000</td>\n","      <td>-0.737663</td>\n","      <td>0.605929</td>\n","    </tr>\n","    <tr>\n","      <th>label</th>\n","      <td>-0.388305</td>\n","      <td>0.360445</td>\n","      <td>-0.483725</td>\n","      <td>0.175260</td>\n","      <td>-0.427321</td>\n","      <td>0.695360</td>\n","      <td>-0.376955</td>\n","      <td>0.249929</td>\n","      <td>-0.381626</td>\n","      <td>-0.468536</td>\n","      <td>-0.507787</td>\n","      <td>0.333461</td>\n","      <td>-0.737663</td>\n","      <td>1.000000</td>\n","      <td>-0.484663</td>\n","    </tr>\n","    <tr>\n","      <th>exCol</th>\n","      <td>0.408402</td>\n","      <td>-0.535614</td>\n","      <td>0.999942</td>\n","      <td>0.063654</td>\n","      <td>0.770558</td>\n","      <td>-0.391705</td>\n","      <td>0.648728</td>\n","      <td>-0.711797</td>\n","      <td>0.597712</td>\n","      <td>0.722680</td>\n","      <td>0.381496</td>\n","      <td>-0.358747</td>\n","      <td>0.605929</td>\n","      <td>-0.484663</td>\n","      <td>1.000000</td>\n","    </tr>\n","  </tbody>\n","</table>\n","</div>\n","      <button class=\"colab-df-convert\" onclick=\"convertToInteractive('df-0242809d-b126-45d0-93ae-d1547801f7af')\"\n","              title=\"Convert this dataframe to an interactive table.\"\n","              style=\"display:none;\">\n","        \n","  <svg xmlns=\"http://www.w3.org/2000/svg\" height=\"24px\"viewBox=\"0 0 24 24\"\n","       width=\"24px\">\n","    <path d=\"M0 0h24v24H0V0z\" fill=\"none\"/>\n","    <path d=\"M18.56 5.44l.94 2.06.94-2.06 2.06-.94-2.06-.94-.94-2.06-.94 2.06-2.06.94zm-11 1L8.5 8.5l.94-2.06 2.06-.94-2.06-.94L8.5 2.5l-.94 2.06-2.06.94zm10 10l.94 2.06.94-2.06 2.06-.94-2.06-.94-.94-2.06-.94 2.06-2.06.94z\"/><path d=\"M17.41 7.96l-1.37-1.37c-.4-.4-.92-.59-1.43-.59-.52 0-1.04.2-1.43.59L10.3 9.45l-7.72 7.72c-.78.78-.78 2.05 0 2.83L4 21.41c.39.39.9.59 1.41.59.51 0 1.02-.2 1.41-.59l7.78-7.78 2.81-2.81c.8-.78.8-2.07 0-2.86zM5.41 20L4 18.59l7.72-7.72 1.47 1.35L5.41 20z\"/>\n","  </svg>\n","      </button>\n","      \n","  <style>\n","    .colab-df-container {\n","      display:flex;\n","      flex-wrap:wrap;\n","      gap: 12px;\n","    }\n","\n","    .colab-df-convert {\n","      background-color: #E8F0FE;\n","      border: none;\n","      border-radius: 50%;\n","      cursor: pointer;\n","      display: none;\n","      fill: #1967D2;\n","      height: 32px;\n","      padding: 0 0 0 0;\n","      width: 32px;\n","    }\n","\n","    .colab-df-convert:hover {\n","      background-color: #E2EBFA;\n","      box-shadow: 0px 1px 2px rgba(60, 64, 67, 0.3), 0px 1px 3px 1px rgba(60, 64, 67, 0.15);\n","      fill: #174EA6;\n","    }\n","\n","    [theme=dark] .colab-df-convert {\n","      background-color: #3B4455;\n","      fill: #D2E3FC;\n","    }\n","\n","    [theme=dark] .colab-df-convert:hover {\n","      background-color: #434B5C;\n","      box-shadow: 0px 1px 3px 1px rgba(0, 0, 0, 0.15);\n","      filter: drop-shadow(0px 1px 2px rgba(0, 0, 0, 0.3));\n","      fill: #FFFFFF;\n","    }\n","  </style>\n","\n","      <script>\n","        const buttonEl =\n","          document.querySelector('#df-0242809d-b126-45d0-93ae-d1547801f7af button.colab-df-convert');\n","        buttonEl.style.display =\n","          google.colab.kernel.accessAllowed ? 'block' : 'none';\n","\n","        async function convertToInteractive(key) {\n","          const element = document.querySelector('#df-0242809d-b126-45d0-93ae-d1547801f7af');\n","          const dataTable =\n","            await google.colab.kernel.invokeFunction('convertToInteractive',\n","                                                     [key], {});\n","          if (!dataTable) return;\n","\n","          const docLinkHtml = 'Like what you see? Visit the ' +\n","            '<a target=\"_blank\" href=https://colab.research.google.com/notebooks/data_table.ipynb>data table notebook</a>'\n","            + ' to learn more about interactive tables.';\n","          element.innerHTML = '';\n","          dataTable['output_type'] = 'display_data';\n","          await google.colab.output.renderOutput(dataTable, element);\n","          const docLink = document.createElement('div');\n","          docLink.innerHTML = docLinkHtml;\n","          element.appendChild(docLink);\n","        }\n","      </script>\n","    </div>\n","  </div>\n","  "]},"metadata":{},"execution_count":20}]},{"cell_type":"code","source":["# 변수에 할당시 한 칼럼 기준 다른 칼럼과의 유사도 출력 \n","corr_df=boston_df.corr()"],"metadata":{"id":"wrcScjIc_erF","executionInfo":{"status":"ok","timestamp":1648014964953,"user_tz":-540,"elapsed":2,"user":{"displayName":"김지선","photoUrl":"https://lh3.googleusercontent.com/a/default-user=s64","userId":"05114170165910275397"}}},"execution_count":18,"outputs":[]},{"cell_type":"code","source":["# 피어슨 유사도 기준 상호 유사도 행렬 생성\n","corr_df"],"metadata":{"colab":{"base_uri":"https://localhost:8080/","height":520},"id":"2msHDDQ6WMz5","executionInfo":{"status":"ok","timestamp":1648014971699,"user_tz":-540,"elapsed":524,"user":{"displayName":"김지선","photoUrl":"https://lh3.googleusercontent.com/a/default-user=s64","userId":"05114170165910275397"}},"outputId":"2bac5c3d-4187-40d9-ddbb-962c48ba0aed"},"execution_count":19,"outputs":[{"output_type":"execute_result","data":{"text/plain":["             CRIM        ZN     INDUS      CHAS       NOX        RM       AGE  \\\n","CRIM     1.000000 -0.200469  0.406583 -0.055892  0.420972 -0.219247  0.352734   \n","ZN      -0.200469  1.000000 -0.533828 -0.042697 -0.516604  0.311991 -0.569537   \n","INDUS    0.406583 -0.533828  1.000000  0.062938  0.763651 -0.391676  0.644779   \n","CHAS    -0.055892 -0.042697  0.062938  1.000000  0.091203  0.091251  0.086518   \n","NOX      0.420972 -0.516604  0.763651  0.091203  1.000000 -0.302188  0.731470   \n","RM      -0.219247  0.311991 -0.391676  0.091251 -0.302188  1.000000 -0.240265   \n","AGE      0.352734 -0.569537  0.644779  0.086518  0.731470 -0.240265  1.000000   \n","DIS     -0.379670  0.664408 -0.708027 -0.099176 -0.769230  0.205246 -0.747881   \n","RAD      0.625505 -0.311948  0.595129 -0.007368  0.611441 -0.209847  0.456022   \n","TAX      0.582764 -0.314563  0.720760 -0.035587  0.668023 -0.292048  0.506456   \n","PTRATIO  0.289946 -0.391679  0.383248 -0.121515  0.188933 -0.355501  0.261515   \n","B       -0.385064  0.175520 -0.356977  0.048788 -0.380051  0.128069 -0.273534   \n","LSTAT    0.455621 -0.412995  0.603800 -0.053929  0.590879 -0.613808  0.602339   \n","label   -0.388305  0.360445 -0.483725  0.175260 -0.427321  0.695360 -0.376955   \n","exCol    0.408402 -0.535614  0.999942  0.063654  0.770558 -0.391705  0.648728   \n","\n","              DIS       RAD       TAX   PTRATIO         B     LSTAT     label  \\\n","CRIM    -0.379670  0.625505  0.582764  0.289946 -0.385064  0.455621 -0.388305   \n","ZN       0.664408 -0.311948 -0.314563 -0.391679  0.175520 -0.412995  0.360445   \n","INDUS   -0.708027  0.595129  0.720760  0.383248 -0.356977  0.603800 -0.483725   \n","CHAS    -0.099176 -0.007368 -0.035587 -0.121515  0.048788 -0.053929  0.175260   \n","NOX     -0.769230  0.611441  0.668023  0.188933 -0.380051  0.590879 -0.427321   \n","RM       0.205246 -0.209847 -0.292048 -0.355501  0.128069 -0.613808  0.695360   \n","AGE     -0.747881  0.456022  0.506456  0.261515 -0.273534  0.602339 -0.376955   \n","DIS      1.000000 -0.494588 -0.534432 -0.232471  0.291512 -0.496996  0.249929   \n","RAD     -0.494588  1.000000  0.910228  0.464741 -0.444413  0.488676 -0.381626   \n","TAX     -0.534432  0.910228  1.000000  0.460853 -0.441808  0.543993 -0.468536   \n","PTRATIO -0.232471  0.464741  0.460853  1.000000 -0.177383  0.374044 -0.507787   \n","B        0.291512 -0.444413 -0.441808 -0.177383  1.000000 -0.366087  0.333461   \n","LSTAT   -0.496996  0.488676  0.543993  0.374044 -0.366087  1.000000 -0.737663   \n","label    0.249929 -0.381626 -0.468536 -0.507787  0.333461 -0.737663  1.000000   \n","exCol   -0.711797  0.597712  0.722680  0.381496 -0.358747  0.605929 -0.484663   \n","\n","            exCol  \n","CRIM     0.408402  \n","ZN      -0.535614  \n","INDUS    0.999942  \n","CHAS     0.063654  \n","NOX      0.770558  \n","RM      -0.391705  \n","AGE      0.648728  \n","DIS     -0.711797  \n","RAD      0.597712  \n","TAX      0.722680  \n","PTRATIO  0.381496  \n","B       -0.358747  \n","LSTAT    0.605929  \n","label   -0.484663  \n","exCol    1.000000  "],"text/html":["\n","  <div id=\"df-b8a244a2-2811-4b3c-987c-f60bd83bf54b\">\n","    <div class=\"colab-df-container\">\n","      <div>\n","<style scoped>\n","    .dataframe tbody tr th:only-of-type {\n","        vertical-align: middle;\n","    }\n","\n","    .dataframe tbody tr th {\n","        vertical-align: top;\n","    }\n","\n","    .dataframe thead th {\n","        text-align: right;\n","    }\n","</style>\n","<table border=\"1\" class=\"dataframe\">\n","  <thead>\n","    <tr style=\"text-align: right;\">\n","      <th></th>\n","      <th>CRIM</th>\n","      <th>ZN</th>\n","      <th>INDUS</th>\n","      <th>CHAS</th>\n","      <th>NOX</th>\n","      <th>RM</th>\n","      <th>AGE</th>\n","      <th>DIS</th>\n","      <th>RAD</th>\n","      <th>TAX</th>\n","      <th>PTRATIO</th>\n","      <th>B</th>\n","      <th>LSTAT</th>\n","      <th>label</th>\n","      <th>exCol</th>\n","    </tr>\n","  </thead>\n","  <tbody>\n","    <tr>\n","      <th>CRIM</th>\n","      <td>1.000000</td>\n","      <td>-0.200469</td>\n","      <td>0.406583</td>\n","      <td>-0.055892</td>\n","      <td>0.420972</td>\n","      <td>-0.219247</td>\n","      <td>0.352734</td>\n","      <td>-0.379670</td>\n","      <td>0.625505</td>\n","      <td>0.582764</td>\n","      <td>0.289946</td>\n","      <td>-0.385064</td>\n","      <td>0.455621</td>\n","      <td>-0.388305</td>\n","      <td>0.408402</td>\n","    </tr>\n","    <tr>\n","      <th>ZN</th>\n","      <td>-0.200469</td>\n","      <td>1.000000</td>\n","      <td>-0.533828</td>\n","      <td>-0.042697</td>\n","      <td>-0.516604</td>\n","      <td>0.311991</td>\n","      <td>-0.569537</td>\n","      <td>0.664408</td>\n","      <td>-0.311948</td>\n","      <td>-0.314563</td>\n","      <td>-0.391679</td>\n","      <td>0.175520</td>\n","      <td>-0.412995</td>\n","      <td>0.360445</td>\n","      <td>-0.535614</td>\n","    </tr>\n","    <tr>\n","      <th>INDUS</th>\n","      <td>0.406583</td>\n","      <td>-0.533828</td>\n","      <td>1.000000</td>\n","      <td>0.062938</td>\n","      <td>0.763651</td>\n","      <td>-0.391676</td>\n","      <td>0.644779</td>\n","      <td>-0.708027</td>\n","      <td>0.595129</td>\n","      <td>0.720760</td>\n","      <td>0.383248</td>\n","      <td>-0.356977